[[1093634,26779,177327,306629,30427,139286,66846,138474,2425,552900,147016,411911,36197,34238,67179,124597,111156,194986,76488,185972,55705,76915,45232,38944,235317,313057,66754,102265,36470,19950,24202,86858,77984,297571,179127,96936,231622,250003,75991,37806,72575,92319,197178],[26779,428397,66058,126254,22099,64168,35102,64773,7134,243649,51584,159743,34983,31289,48846,30335,31007,160301,30148,120922,34357,37497,19393,33078,152565,149840,24811,61151,36177,13718,10814,58961,16734,88170,38466,31292,59514,70986,52696,23047,18108,86213,140895],[177327,66058,3129061,694429,77090,454260,303424,305586,13714,1034321,368646,1201495,157828,101073,220361,97554,313623,515068,246685,552580,176284,229917,65937,84727,651283,1183780,139290,265260,105957,66862,102453,619659,100537,900635,593766,170517,418162,753863,185524,93484,210652,311343,1032834],[306629,126254,694429,8478682,252407,1310366,523947,641942,12874,3094362,655880,3844706,276556,128093,382600,262388,369728,977037,260842,1758210,420728,255239,140675,219694,2021849,2431049,318555,481957,282018,123489,159679,381796,200970,915780,492702,299655,644425,939560,591211,160075,212964,576320,1918201],[30427,22099,77090,252407,647198,128411,57789,68853,1677,314297,77571,257077,40269,22967,41701,28274,44090,100830,40891,186269,46929,30916,30602,28825,184142,244242,40974,66265,27998,12702,15189,53170,28800,109845,56965,31128,83563,103932,59405,37344,22006,102797,241381],[139286,64168,454260,1310366,128411,3712952,208733,313810,17569,1191707,323104,1658286,123156,66974,195089,100068,224507,575549,124275,1273483,210532,122120,57260,104222,976001,2101127,154326,213496,121124,50528,88912,197052,116618,476920,257299,134965,316085,604375,203113,77559,109278,242908,864082],[66846,35102,303424,523947,57789,208733,1497786,128563,5376,791625,162762,651621,52904,81779,93801,73697,81725,219036,114182,319987,147905,102749,188062,71318,410065,591949,89789,127518,149950,35512,30820,109642,54481,267068,134390,70220,190528,192402,172072,43909,42359,134890,448810],[138474,64773,305586,641942,68853,313810,128563,2578499,18475,933632,243387,737106,88718,68181,147954,70002,183107,1471665,131080,560690,212023,149118,57313,75288,526513,656132,114812,154726,85980,45573,56856,253393,68197,521968,224698,97294,325396,330539,201732,72556,85696,162418,543851],[2425,7134,13714,12874,1677,17569,5376,18475,65977,29590,10868,17022,8240,8533,8657,1903,5883,30611,10616,37760,2543,7112,4475,2139,15163,12364,4802,4059,1622,4112,7407,45427,1410,18327,18113,3339,22854,10470,10739,1310,3543,4823,17071],[552900,243649,1034321,3094362,314297,1191707,791625,933632,29590,10747493,1281881,3228272,335155,341417,874518,387496,695570,1570376,563262,2029991,581868,437569,419969,405423,2398406,2568574,653932,835005,547434,402914,212704,816467,309217,2011421,873150,435359,1707050,1918340,1074233,249648,505439,944345,1893759],[147016,51584,368646,655880,77571,323104,162762,243387,10868,1281881,3156196,801247,90785,82722,329090,112067,214929,378969,499957,493967,154605,139000,73778,78676,588290,687317,794806,196679,87277,55051,98028,434845,134944,971417,291780,220394,1067406,601958,177500,69611,971476,232669,550579],[411911,159743,1201495,3844706,257077,1658286,651621,737106,17022,3228272,801247,10455405,294347,162255,475307,321103,497139,1116473,345336,2040233,484193,347700,154150,274377,3396652,3332783,346023,669898,313895,126820,168643,524227,262033,1165559,582857,341515,842006,1461336,538760,175265,284280,879550,2208241],[36197,34983,157828,276556,40269,123156,52904,88718,8240,335155,90785,294347,813271,29135,55007,29016,45464,168914,55685,206779,55504,57919,26186,28851,207253,232257,45479,89223,40556,30285,33878,120964,31715,162856,147322,81545,121370,136779,133499,57998,33701,89715,402209],[34238,31289,101073,128093,22967,66974,81779,68181,8533,341417,82722,162255,29135,566493,157436,67785,36037,118428,53404,201296,27842,38053,115817,97632,226468,149882,36744,121117,37885,74715,23501,241356,28774,133381,87397,38533,155093,116127,121497,14437,30228,85855,113956],[67179,48846,220361,382600,41701,195089,93801,147954,8657,874518,329090,475307,55007,157436,1656505,80455,88073,250136,81150,428102,83506,64469,54071,108039,472915,432821,82614,188858,64893,38414,42954,378202,49539,271366,130599,98908,288055,279338,111727,38384,216462,131727,317734],[124597,30335,97554,262388,28274,100068,73697,70002,1903,387496,112067,321103,29016,67785,80455,862765,52707,107432,46223,204422,44512,40011,49363,73381,344048,249521,40899,411077,45877,23857,13350,80957,45400,156362,140612,73211,109712,185849,89175,19939,42973,147664,157888],[111156,31007,313623,369728,44090,224507,81725,183107,5883,695570,214929,497139,45464,36037,88073,52707,1696204,268820,96441,276822,87068,97204,34295,51515,309049,542558,84136,112040,57878,23720,33471,120513,52950,299073,138822,72809,181880,281313,91189,35804,94219,163580,283800],[194986,160301,515068,977037,100830,575549,219036,1471665,30611,1570376,378969,1116473,168914,118428,250136,107432,268820,4964622,198683,1039657,306406,199904,87356,142077,841362,1135840,173509,244425,140891,76268,96963,432844,109729,670320,326294,191387,481761,554247,311866,109954,125739,234539,852516],[76488,30148,246685,260842,40891,124275,114182,131080,10616,563262,499957,345336,55685,53404,81150,46223,96441,198683,1180031,213843,60308,167201,46207,31266,225721,270326,285019,88042,39955,30810,121528,295347,45323,789451,244783,64151,782182,223632,99433,34210,116424,103655,231840],[185972,120922,552580,1758210,186269,1273483,319987,560690,37760,2029991,493967,2040233,206779,201296,428102,204422,276822,1039657,213843,5596647,283448,179372,124399,236105,1427141,1843737,227232,442998,188727,94710,141696,533705,156386,713407,380513,230265,574445,703387,380206,108400,161995,438453,1160326],[55705,34357,176284,420728,46929,210532,147905,212023,2543,581868,154605,484193,55504,27842,83506,44512,87068,306406,60308,283448,1498723,47722,33019,51200,317959,759137,59485,100001,136370,28800,29453,85707,37984,257751,105462,91023,123772,202849,91520,132228,78760,96242,333371],[76915,37497,229917,255239,30916,122120,102749,149118,7112,437569,139000,347700,57919,38053,64469,40011,97204,199904,167201,179372,47722,914416,34274,41870,365789,268633,76769,94256,61719,26882,35684,173286,39447,391082,184077,51386,200801,224384,69476,28765,70339,89409,206248],[45232,19393,65937,140675,30602,57260,188062,57313,4475,419969,73778,154150,26186,115817,54071,49363,34295,87356,46207,124399,33019,34274,593401,50749,214179,125081,49924,73610,90613,70141,15661,101658,25490,142941,59846,29931,122943,79902,101244,21121,20146,64817,99953],[38944,33078,84727,219694,28825,104222,71318,75288,2139,405423,78676,274377,28851,97632,108039,73381,51515,142077,31266,236105,51200,41870,50749,734300,280981,209981,32147,138270,46803,20596,15335,76048,27722,117250,52059,39282,88681,110473,106217,23741,28238,89413,154435],[235317,152565,651283,2021849,184142,976001,410065,526513,15163,2398406,588290,3396652,207253,226468,472915,344048,309049,841362,225721,1427141,317959,365789,214179,280981,6822583,2144531,261130,723989,279575,140384,121156,491557,210120,816881,397849,296334,596745,924995,418292,130893,205029,690701,1315765],[313057,149840,1183780,2431049,244242,2101127,591949,656132,12364,2568574,687317,3332783,232257,149882,432821,249521,542558,1135840,270326,1843737,759137,268633,125081,209981,2144531,8935247,304322,548790,260109,100200,171596,449436,227246,1082473,561116,376003,658040,1340268,420317,166134,263578,640850,1712777],[66754,24811,139290,318555,40974,154326,89789,114812,4802,653932,794806,346023,45479,36744,82614,40899,84136,173509,285019,227232,59485,76769,49924,32147,261130,304322,1239502,79357,44205,23421,64326,138354,86402,709937,109584,47484,727521,182758,90118,26292,85995,106027,220477],[102265,61151,265260,481957,66265,213496,127518,154726,4059,835005,196679,669898,89223,121117,188858,411077,112040,244425,88042,442998,100001,94256,73610,138270,723989,548790,79357,1695711,88367,38548,31880,176775,76397,294828,148740,107318,220264,329245,167767,65835,83689,304926,339617],[36470,36177,105957,282018,27998,121124,149950,85980,1622,547434,87277,313895,40556,37885,64893,45877,57878,140891,39955,188727,136370,61719,90613,46803,279575,260109,44205,88367,808579,21125,17542,63554,36436,154123,67481,50797,87656,117613,81079,29356,31336,75567,187229],[19950,13718,66862,123489,12702,50528,35512,45573,4112,402914,55051,126820,30285,74715,38414,23857,23720,76268,30810,94710,28800,26882,70141,20596,140384,100200,23421,38548,21125,517856,16288,100389,14217,83003,278990,23501,233881,66946,347833,15381,18710,39283,106326],[24202,10814,102453,159679,15189,88912,30820,56856,7407,212704,98028,168643,33878,23501,42954,13350,33471,96963,121528,141696,29453,35684,15661,15335,121156,171596,64326,31880,17542,16288,704124,187821,11809,197454,122937,26064,233104,91528,42646,13286,47174,35776,132305],[86858,58961,619659,381796,53170,197052,109642,253393,45427,816467,434845,524227,120964,241356,378202,80957,120513,432844,295347,533705,85707,173286,101658,76048,491557,449436,138354,176775,63554,100389,187821,2460863,58459,775364,617007,114481,881412,365638,182704,42453,118360,185101,596384],[77984,16734,100537,200970,28800,116618,54481,68197,1410,309217,134944,262033,31715,28774,49539,45400,52950,109729,45323,156386,37984,39447,25490,27722,210120,227246,86402,76397,36436,14217,11809,58459,702754,347034,61882,59288,156910,159656,52000,18934,35775,113081,149075],[297571,88170,900635,915780,109845,476920,267068,521968,18327,2011421,971417,1165559,162856,133381,271366,156362,299073,670320,789451,713407,257751,391082,142941,117250,816881,1082473,709937,294828,154123,83003,197454,775364,347034,4088869,736184,221702,1918976,794402,266881,100963,324908,316516,1020405],[179127,38466,593766,492702,56965,257299,134390,224698,18113,873150,291780,582857,147322,87397,130599,140612,138822,326294,244783,380513,105462,184077,59846,52059,397849,561116,109584,148740,67481,278990,122937,617007,61882,736184,2257065,107137,526614,437557,355884,67547,137736,175504,663498],[96936,31292,170517,299655,31128,134965,70220,97294,3339,435359,220394,341515,81545,38533,98908,73211,72809,191387,64151,230265,91023,51386,29931,39282,296334,376003,47484,107318,50797,23501,26064,114481,59288,221702,107137,1144107,134880,211599,71228,35842,91786,92737,355778],[231622,59514,418162,644425,83563,316085,190528,325396,22854,1707050,1067406,842006,121370,155093,288055,109712,181880,481761,782182,574445,123772,200801,122943,88681,596745,658040,727521,220264,87656,233881,233104,881412,156910,1918976,526614,134880,3222079,524587,386930,67503,224063,252408,594920],[250003,70986,753863,939560,103932,604375,192402,330539,10470,1918340,601958,1461336,136779,116127,279338,185849,281313,554247,223632,703387,202849,224384,79902,110473,924995,1340268,182758,329245,117613,66946,91528,365638,159656,794402,437557,211599,524587,4608134,217572,129451,365085,614110,770642],[75991,52696,185524,591211,59405,203113,172072,201732,10739,1074233,177500,538760,133499,121497,111727,89175,91189,311866,99433,380206,91520,69476,101244,106217,418292,420317,90118,167767,81079,347833,42646,182704,52000,266881,355884,71228,386930,217572,1754546,47742,54078,166923,359025],[37806,23047,93484,160075,37344,77559,43909,72556,1310,249648,69611,175265,57998,14437,38384,19939,35804,109954,34210,108400,132228,28765,21121,23741,130893,166134,26292,65835,29356,15381,13286,42453,18934,100963,67547,35842,67503,129451,47742,573892,20072,43683,151401],[72575,18108,210652,212964,22006,109278,42359,85696,3543,505439,971476,284280,33701,30228,216462,42973,94219,125739,116424,161995,78760,70339,20146,28238,205029,263578,85995,83689,31336,18710,47174,118360,35775,324908,137736,91786,224063,365085,54078,20072,1152089,82801,218456],[92319,86213,311343,576320,102797,242908,134890,162418,4823,944345,232669,879550,89715,85855,131727,147664,163580,234539,103655,438453,96242,89409,64817,89413,690701,640850,106027,304926,75567,39283,35776,185101,113081,316516,175504,92737,252408,614110,166923,43683,82801,1982958,414554],[197178,140895,1032834,1918201,241381,864082,448810,543851,17071,1893759,550579,2208241,402209,113956,317734,157888,283800,852516,231840,1160326,333371,206248,99953,154435,1315765,1712777,220477,339617,187229,106326,132305,596384,149075,1020405,663498,355778,594920,770642,359025,151401,218456,414554,5530975]]